8.82853800000004  46.0457730000001
    8.83281100000005  46.043996
    8.83485300000001  46.048096
    8.82897100000002  46.049858
    8.83482800000007  46.055881
    8.84231300000005  46.052155
    8.85489400000006  46.066586
    8.85197400000004  46.074108
    8.83880800000009  46.083892
    8.83319399999999  46.08484
    8.82250000000005  46.093968
    8.81298500000003  46.0996410000001
    8.78551900000002  46.092049
    8.74783100000013  46.105441
    8.6970290000001  46.099048
    8.64783900000003  46.1192500000001
    8.621827  46.118642
    8.61476800000003  46.1247250000001
    8.61134300000003  46.1244010000001
    8.610299  46.128579
    8.59294100000005  46.143539
    8.58634100000006  46.15834
    8.56865700000009  46.176475
    8.56828800000005  46.1811840000001
    8.56375000000003  46.1869270000001
    8.55656800000003  46.1888690000001
    8.55343700000009  46.1920820000001
    8.55201000000005  46.1967250000001
    8.54085600000002  46.2012450000001
    8.53440599999999  46.2127270000001
    8.53122000000002  46.222352
    8.52118899999999  46.2244690000001
    8.51293000000004  46.2230150000001
    8.50129500000008  46.2285690000001
    8.49061699999999  46.2324030000001
    8.47892300000001  46.2330320000001
    8.46972000000005  46.2353630000001
    8.46715300000005  46.242011
    8.46342500000009  46.2486620000001
    8.45401600000008  46.2496990000001
    8.453351  46.268429
    8.43884400000002  46.2873840000001
    8.43448700000005  46.2910360000001
    8.43041600000009  46.2975700000001
    8.42750599999999  46.304223
    8.43910199999999  46.3089790000001
    8.44387000000006  46.3237230000001
    8.4518030000001  46.3244930000001
    8.45466800000008  46.3306580000001
    8.46146500000009  46.332696
    8.46590700000007  46.347786
    8.46056700000008  46.358222
    8.46939800000013  46.365399
    8.46680700000007  46.3710170000001
    8.46737899999999  46.37811
    8.46287100000001  46.3868660000001
    8.46609800000005  46.395653
    8.47056500000008  46.3993950000001
    8.46352700000006  46.405833
    8.466768  46.416005
    8.46086500000001  46.421188
    8.45728900000006  46.4270480000001
    8.45914500000004  46.4316100000001
    8.45741900000007  46.440093
    8.46509800000001  46.4472700000001
    8.46053000000001  46.453704
    8.45164600000004  46.458668
    8.44840500000009  46.466579
    8.43961000000002  46.4639860000001
    8.43748600000009  46.4680060000001
    8.41657300000008  46.4616770000001
    8.40431300000006  46.4612670000001
    8.40212100000008  46.4571530000001
    8.39734100000015  46.4585500000001
    8.39266200000009  46.4547850000001
    8.38506100000006  46.4555030000001
    8.37924300000009  46.453693
    8.37297700000005  46.456123
    8.36270300000007  46.454099
    8.35588100000007  46.450459
    8.35336500000005  46.4464570000001
    8.34336000000008  46.4375660000001
    8.3255850000001  46.4284630000001
    8.316644  46.4267760000001
    8.3065610000001  46.427376
    8.30005400000005  46.4192740000001
    8.29260800000003  46.413765
    8.2909150000001  46.410786
    8.29847700000005  46.407707
    8.30360000000002  46.4067790000001
    8.31236800000005  46.4069820000001
    8.31596900000005  46.402046
    8.31809799999996  46.3984950000001
    8.31602600000002  46.3963610000001
    8.32036100000005  46.3948300000001
    8.31346000000002  46.3744380000001
    8.26846100000012  46.3588290000001
    8.26680400000009  46.356777
    8.26673099999999  46.3544550000001
    8.26503500000007  46.3545800000001
    8.26215200000001  46.3510020000001
    8.26354700000002  46.348053
    8.26028500000001  46.348682
    8.2559710000001  46.3433300000001
    8.23576900000006  46.33923
    8.22146900000007  46.316029
    8.20327300000008  46.3019410000001
    8.17376900000005  46.295829
    8.13736900000009  46.29984
    8.08828100000005  46.259641
    8.13189  46.2317580000001
    8.14103200000005  46.2298390000001
    8.14460800000012  46.2168950000001
    8.152491  46.208305
    8.1533730000001  46.201766
    8.1649700000001  46.1819490000001
    8.1538700000001  46.159648
    8.15286100000009  46.141739
    8.12596900000005  46.1308400000001
    8.10826900000001  46.1094410000001
    8.06868100000003  46.1051400000001
    8.03857099999999  46.08995
    8.02779100000009  46.0717510000001
    8.03179300000005  46.053395
    8.03543300000001  46.047189
    8.03330400000004  46.0464640000001
    8.03417899999999  46.0424500000001
    8.01477900000009  46.0262480000001
    7.99839000000014  46.000852
    7.98698100000013  45.9961520000001
    7.90631500000001  45.994092
    7.90380600000003  45.990753
    7.89184  45.981139
    7.88020100000006  45.9775770000001
    7.88414400000005  45.9715190000001
    7.87711000000002  45.961787
    7.88072  45.956294
    7.87728300000003  45.95309
    7.87188400000008  45.951939
    7.87137800000005  45.94156
    7.86099000000002  45.929061
    7.81749900000005  45.9313520000001
    7.81068900000002  45.924863
    7.80857400000014  45.9246400000001
    7.80296800000002  45.9213030000001
    7.79527100000007  45.9228890000001
    7.79361200000005  45.9297520000001
    7.79015400000009  45.930242
    7.75989900000008  45.9464490000001
    7.74915499999997  45.9412380000001
    7.74557900000008  45.935935
    7.74034600000005  45.9337540000001
    7.73562400000003  45.926768
    7.72514700000005  45.926734
    7.71611400000006  45.931404
    7.70993600000008  45.9453320000001
    7.71257300000008  45.951533
    7.697945  45.958469
    7.69393800000006  45.958507
    7.68260000000004  45.9625600000001
    7.68116800000007  45.963879
    7.67986500000001  45.9674530000001
    7.67080700000008  45.9752090000001
    7.66159500000003  45.980674
    7.65826300000003  45.9796030000001
    7.652401  45.980549
    7.60363900000004  45.9728710000001
    7.58620400000007  45.974689
    7.58284000000003  45.984512
    7.57869600000004  45.9907910000001
    7.57132300000006  45.990764
    7.56990999999999  45.9920500000001
    7.5601650000001  45.989524
    7.54818300000005  45.98978
    7.54386000000005  45.978413
    7.54954400000003  45.9656230000001
    7.53992800000009  45.958252
    7.52598  45.960251
    7.51887800000009  45.966168
    7.50957199999999  45.9620110000001
    7.50365800000009  45.9648550000001
    7.49814700000007  45.961372
    7.49680900000004  45.959437
    7.49290999999999  45.9580610000001
    7.479219  45.9578510000001
    7.47251100000005  45.939762
    7.44621900000004  45.9329490000001
    7.42222000000004  45.9167610000001
    7.39442100000002  45.912761
    7.38752  45.903462
    7.35702099999997  45.9158600000001
    7.33267000000006  45.9140120000001
    7.32528400000007  45.9144130000001
    7.31879299999997  45.916184
    7.31797700000004  45.919309
    7.30089700000008  45.921948
    7.296266  45.925237
    7.28883300000001  45.918201
    7.28219900000005  45.9089270000001
    7.26112800000004  45.8940630000001
    7.24396900000005  45.8937230000001
    7.24184700000001  45.8929370000001
    7.23880400000002  45.8936210000001
    7.21975300000003  45.892777
    7.20644000000004  45.882863
    7.2090300000001  45.8687600000001
    7.20332900000011  45.863659
    7.19294100000002  45.8630600000001
    7.15889800000008  45.8815620000001
    7.1461230000001  45.8791660000001
    7.13800500000008  45.8754380000001
    7.13610200000005  45.871426
    7.12136000000004  45.8628340000001
    7.11156500000004  45.8609190000001
    7.10483200000004  45.86293
    7.09871700000008  45.8661910000001
    7.097646  45.871675
    7.09362500000003  45.876671
    7.09618700000004  45.879898
    7.08922000000001  45.885673
    7.08783900000003  45.8860580000001
    7.08184900000009  45.8983610000001
    7.06542800000005  45.9127360000001
    7.06149700000003  45.9171180000001
    7.05227500000007  45.9195530000001
    7.044601  45.9269190000001
    7.0440450000001  45.93145
    7.04258400000009  45.932728
    7.04464700000005  45.9569549999999
    7.01981800000004  45.9643120000001
    7.00982800000008  45.973279
    7.01188400000001  45.97765
    7.01668000000001  45.978596
    7.02124500000008  45.983254
    7.01376200000004  45.992619
    7.01232000000005  45.998128
    7.00694500000003  46.004601
    7.00108299999999  46.0019110000001
    6.98686200000003  46.008072
    6.98131900000004  46.023349
    6.97266500000001  46.028992
    6.96944900000005  46.0341060000001
    6.96308800000003  46.0322190000001
    6.95100400000001  46.0534930000001
    6.94540200000006  46.054352
    6.93724300000002  46.059769
    6.93773300000004  46.0682360000001
    6.930341  46.069645
    6.90456900000004  46.051353
    6.88926400000014  46.0594530000001
    6.88777200000004  46.07145
    6.904765  46.0907480000001
    6.90326800000003  46.1265480000001
    6.8796670000001  46.133648
    6.822474  46.132741
    6.79906300000005  46.1431770000002
    6.79536400000001  46.1524660000001
    6.79597500000011  46.1616450000001
    6.82007200000004  46.18114
    6.81697700000001  46.212545
    6.83201700000001  46.237296
    6.83538600000009  46.2378090000001
    6.83925300000004  46.249298
    6.85677100000004  46.2553260000001
    6.85722400000014  46.2587310000001
    6.859171  46.2602420000001
    6.86443600000007  46.281842
    6.86540200000007  46.283236
    6.86496200000005  46.284005
    6.865972  46.2881390000001
    6.86397500000004  46.294536
    6.80767400000002  46.327133
    6.80577700000009  46.335331
    6.79297300000007  46.340436
    6.77848  46.355034
    6.78137700000008  46.361427
    6.8105680000001  46.372528
    6.81457500000005  46.381634
    6.81267400000002  46.3982330000001
    6.82746799999995  46.4175300000001
    6.82207600000004  46.4289210000001
    6.738876  46.4483260000001
    6.669579  46.4570230000001
    6.51639600000004  46.4563210000001
    6.43870000000004  46.4189230000001
    6.33580599999999  46.4036300000001
    6.25590900000003  46.3509340000001
    6.23731500000008  46.324035
    6.22281600000002  46.312931
    6.249908  46.292533
    6.25051200000007  46.285737
    6.24121300000007  46.2783360000001
    6.24341400000009  46.2710390000001
    6.27141400000005  46.256331
    6.290775  46.2613800000001
    6.296133  46.2676930000001
    6.30067100000002  46.2651240000001
    6.29970700000007  46.2637110000001
    6.30250599999999  46.264438
    6.30929100000003  46.258553
    6.31258400000007  46.2587970000001
    6.310993  46.2570770000001
    6.31150100000002  46.2566370000001
    6.30851100000001  46.2448419999999
    6.28421300000008  46.222142
    6.24370800000008  46.2092470000001
    6.19087600000006  46.1726620000001
    6.19190800000007  46.167728
    6.1773950000001  46.1590080000001
    6.168046  46.158034
    6.15244000000007  46.152382
    6.14936800000004  46.1462670000001
    6.14198400000004  46.145786
    6.13160700000009  46.141376
    6.12658800000008  46.1436850000001
    6.10844400000008  46.1449610000001
    6.09930000000003  46.142858
    6.09556000000003  46.145989
    6.10135400000007  46.149529
    6.0936430000001  46.153392
    6.08207200000004  46.1504360000001
    6.06940000000009  46.1513060000001
    6.04294600000003  46.140328
    6.03736500000008  46.1356460000001
    6.03321700000004  46.140945
    6.01698500000009  46.143623
    6.00584900000007  46.1422610000001
    5.998806  46.1454580000001
    5.98632600000008  46.144752
    5.98455200000001  46.1394550000001
    5.9806440000001  46.1342310000001
    5.95858600000003  46.130363
    5.9574310000001  46.1344640000001
    5.96762500000006  46.139015
    5.96518700000007  46.1464150000001
    5.98027900000005  46.1645570000001
    5.98208600000004  46.1689450000001
    5.98166900000007  46.175461
    5.9875340000001  46.1769510000001
    5.99034600000005  46.173562
    5.99404100000004  46.179249
    5.9968990000001  46.186061
    5.97738699999996  46.193489
    5.97853600000008  46.204148
    6.02092300000004  46.2313380000001
    6.04812900000007  46.232243
    6.06452100000007  46.239739
    6.0951730000001  46.2454600000001
    6.10500300000001  46.2386630000001
    6.12445500000001  46.2524070000001
    6.12339700000007  46.25753
    6.12391500000001  46.2587360000001
    6.11442700000009  46.286231
    6.136279  46.3143420000001
    6.12630600000006  46.3194250000001
    6.13504600000005  46.3287440000001
    6.13992300000007  46.335584
    6.1392560000001  46.340377
    6.14969200000002  46.3442240000001
    6.15299000000005  46.3488620000001
    6.1603080000001  46.352315
    6.15931700000004  46.356992
    6.17128200000008  46.368882
    6.15968100000009  46.378985
    6.1524500000001  46.3779370000001
    6.13701100000009  46.3887789999999
    6.11690900000002  46.400334
    6.11353100000008  46.3975260000001
    6.10319100000009  46.404206
    6.09966000000003  46.410214
    6.09211600000009  46.412942
    6.06666500000006  46.4171720000001
    6.079362  46.435496
    6.08935400000001  46.4428970000001
    6.08680100000004  46.449151
    6.07554500000003  46.4534080000001
    6.07850100000007  46.4586180000001
    6.07488599999999  46.462333
    6.07519100000002  46.467382
    6.09861000000001  46.4834900000001
    6.11400500000008  46.5110290000001
    6.1398890000001  46.533016
    6.144969  46.53024
    6.15399300000001  46.537734
    6.15082200000006  46.542602
    6.15181600000005  46.543548
    6.140919  46.559021
    6.1232040000001  46.56902
    6.12402400000008  46.5812200000001
    6.26631500000002  46.6717150000001
    6.2930750000001  46.695794
    6.30884400000014  46.7010270000001
    6.32408000000004  46.708375
    6.34142600000007  46.7123070000001
    6.36002600000006  46.723935
    6.37262500000008  46.725731
    6.37123300000007  46.733047
    6.38686100000007  46.7336280000001
    6.39203000000009  46.738519
    6.39242400000006  46.7419190000001
    6.4044760000001  46.752308
    6.41950300000002  46.7549700000001
    6.43368800000002  46.7603260000001
    6.44570399999998  46.763206
    6.4656920000001  46.779407
    6.465101  46.7859070000001
    6.44240100000007  46.8063
    6.45080400000006  46.832105
    6.47310300000004  46.856507
    6.47739300000001  46.883798
    6.47359300000005  46.8980040000001
    6.44609300000008  46.916118
    6.45380100000006  46.9332
    6.50250200000005  46.9726000000001
    6.51809600000007  46.971396
    6.53029400000003  46.9746670000001
    6.53516400000001  46.975116
    6.55907200000001  46.981751
    6.57321899999999  46.98457
    6.59869300000003  46.9954480000001
    6.60727800000006  46.994149
    6.63528400000007  46.996597
    6.64298600000006  46.9993930000001
    6.63216900000009  47.000275
    6.63962400000003  47.00446
    6.64486400000004  47.0091050000001
    6.64793100000009  47.0132710000001
    6.65076700000003  47.0200700000001
    6.65976499999999  47.0282020000001
    6.67165900000003  47.034538
    6.68044600000007  47.038093
    6.69144000000006  47.0402880000001
    6.70263299999999  47.0414500000001
    6.70571899999999  47.0456160000001
    6.7199  47.054496
    6.71248100000003  47.056584
    6.71157400000004  47.05791
    6.72005500000006  47.061249
    6.71934099999999  47.067008
    6.70511700000003  47.0742100000001
    6.70850200000001  47.0812920000001
    6.70591300000001  47.084241
    6.717803  47.0917210000001
    6.7229900000001  47.092238
    6.728298  47.094479
    6.73838599999999  47.093681
    6.74571300000008  47.095828
    6.7482480000001  47.101699
    6.74096300000002  47.111472
    6.74814000000003  47.112931
    6.75955900000008  47.119602
    6.7713720000001  47.123859
    6.79918800000002  47.132424
    6.80656800000003  47.1328550000001
    6.80895000000004  47.138377
    6.81499900000006  47.1384500000001
    6.82769100000002  47.1484370000001
    6.83786300000003  47.151416
    6.8397690000001  47.156594
    6.85079300000007  47.159236
    6.85318100000012  47.161622
    6.85448300000007  47.178305
    6.86804600000011  47.183721
    6.86820299999999  47.1848370000001
    6.877048  47.1890950000001
    6.87653099999994  47.195381
    6.88242300000007  47.2024350000001
    6.90768200000002  47.2159890000001
    6.90944900000005  47.219795
    6.92649200000005  47.2248840000001
    6.92925000000002  47.229732
    6.93441000000007  47.232647
    6.94298800000001  47.232501
    6.94652600000001  47.240558
    6.95852500000007  47.245715
    6.94974400000001  47.255723
    6.95363000000003  47.2631010000001
    6.95308700000004  47.273179
    6.94744600000001  47.286079
    6.94334400000002  47.288789
    6.9513070000001  47.294712
    6.96444600000007  47.2942610000001
    6.9704910000001  47.2955830000001
    6.974898  47.2939030000001
    6.97783900000002  47.2982860000001
    6.9904580000001  47.298751
    6.99721600000004  47.297901
    7.00837200000007  47.30521
    7.00875500000001  47.32637
    7.00961000000007  47.327584
    7.03666100000009  47.3316160000001
    7.04595500000005  47.330203
    7.05594500000001  47.3363730000001
    7.05316600000003  47.341045
    7.06171499999999  47.3435290000001
    7.06095900000003  47.348222
    7.05215700000008  47.350433
    7.0520150000001  47.3581160000001
    7.04331400000007  47.373356
    7.03520200000008  47.377137
    7.0123450000001  47.377133
    6.93874199999999  47.360935
    6.88583200000005  47.3594900000001
    6.88722500000006  47.378543
    6.89783600000004  47.385315
    6.90878100000009  47.3866850000001
    6.91425800000007  47.3908640000001
    6.91091600000004  47.3969160000001
    6.91625600000003  47.3999450000001
    6.91852399999999  47.404453
    6.91621500000008  47.4096900000001
    6.9275560000001  47.4086599999999
    6.94018000000005  47.409927
    6.9416710000001  47.4198
    6.94140700000003  47.432251
    6.94931500000001  47.4369460000001
    6.96575700000005  47.4389570000001
    6.96910900000012  47.4488410000001
    6.98084900000009  47.452625
    6.987976  47.450858
    6.99840500000005  47.453128
    7.00305000000003  47.457534
    6.99726400000009  47.460109
    7.00216400000005  47.4684140000001
    6.99303400000002  47.46867
    6.99307500000009  47.475553
    6.98724700000008  47.47963
    6.98983600000003  47.485615
    6.98565100000008  47.495342
    7.031252  47.5045660000001
    7.04819500000008  47.5016210000001
    7.04943300000008  47.500771
    7.07696700000008  47.49503
    7.10360800000001  47.5040210000001
    7.12714500000004  47.505368
    7.12860300000006  47.506082
    7.13958900000006  47.504623
    7.13690600000001  47.502223
    7.16750400000001  47.48639
    7.18531700000005  47.493945
    7.19144100000005  47.492329
    7.18963200000007  47.47937
    7.16875700000003  47.4500290000001
    7.19791000000009  47.4374270000001
    7.20944700000007  47.438362
    7.22675400000008  47.443877
    7.23725899999999  47.4412040000001
    7.23974800000008  47.432732
    7.24803000000009  47.432103
    7.24862000000002  47.426487
    7.27352700000006  47.4322700000001
    7.28337000000005  47.440021
    7.29219300000005  47.4377830000001
    7.30310800000007  47.4417480000001
    7.32623000000001  47.442585
    7.33110700000003  47.444221
    7.34328400000004  47.443269
    7.34858600000007  47.4382550000001
    7.37188300000008  47.438045
    7.38343100000014  47.4357570000001
    7.40259400000008  47.439823
    7.40763100000004  47.442943
    7.42140800000004  47.448864
    7.42354900000004  47.454728
    7.42908900000009  47.4569320000001
    7.42753300000004  47.461395
    7.430272  47.4619600000001
    7.43693400000012  47.465686
    7.446484  47.4750440000001
    7.43794100000002  47.4826130000001
    7.43218700000006  47.4843480000001
    7.42119900000006  47.484172
    7.436396  47.5012180000001
    7.45711800000004  47.492377
    7.46420600000005  47.49242
    7.47275500000001  47.4836340000001
    7.49099000000007  47.4858930000001
    7.49430700000005  47.4923320000001
    7.50341000000003  47.4938650000001
    7.50152200000002  47.49764
    7.51181700000001  47.50032
    7.50868800000001  47.5084450000001
    7.51076700000016  47.508972
    7.51261000000005  47.5106190000001
    7.509502  47.5130380000001
    7.50118100000003  47.515861
    7.49826800000005  47.521012
    7.4984  47.524914
    7.503466  47.524593
    7.50690800000007  47.5181880000001
    7.5156760000001  47.521552
    7.52314200000001  47.518601
    7.53266200000002  47.5328570000001
    7.51994500000001  47.5368110000001
    7.51321900000005  47.531052
    7.503243  47.5313480000001
    7.50042800000006  47.5429150000001
    7.50682400000005  47.547081
    7.51729900000004  47.5479240000001
    7.53126700000001  47.557731
    7.54087600000003  47.561095
    7.56280200000009  47.571507
    7.55888600000003  47.574704
    7.56899600000008  47.581733
    7.58322700000008  47.581218
    7.58744600000006  47.594482
    7.607215  47.588295
    7.60777100000007  47.5809600000001
    7.62149800000003  47.5806660000001
    7.64206300000001  47.595524
    7.64575300000001  47.600007
    7.66067200000009  47.599023
    7.66628600000007  47.59747
    7.67535700000002  47.5976870000001
    7.6811550000001  47.6017230000001
    7.69385000000005  47.6054270000001
    7.697585  47.6022180000001
    7.68491300000011  47.596917
    7.67585800000006  47.590316
    7.68275200000005  47.587852
    7.68573400000008  47.579483
    7.68796900000007  47.5795400000001
    7.68811800000009  47.576657
    7.6924820000001  47.575146
    7.68794000000003  47.5692910000001
    7.6816520000001  47.572938
    7.6806850000001  47.5652550000001
    7.67442700000009  47.5648950000001
    7.67168900000007  47.568906
    7.65089700000004  47.563564
    7.64320500000008  47.5673490000001
    7.63934900000004  47.567272
    7.638868  47.5655899999999
    7.63942800000001  47.5651930000001
    7.63920000000002  47.5599010000001
    7.64493900000008  47.5599720000001
    7.64434  47.552619
    7.65544800000009  47.5527930000001
    7.65719200000001  47.5516010000001
    7.664016  47.550529
    7.66982999999999  47.539539
    7.680001  47.5370480000001
    7.69472000000007  47.536522
    7.70349900000002  47.539403
    7.71261400000003  47.5444760000001
    7.72058600000014  47.546498
    7.75033300000001  47.548581
    7.76096799999999  47.554219
    7.76717800000006  47.5557939999999
    7.77108900000007  47.558689
    7.78749000000005  47.5590510000001
    7.78729900000008  47.5629
    7.79275900000005  47.5630190000001
    7.80859900000002  47.57488
    7.80839900000007  47.57869
    7.81349000000006  47.586369
    7.81329  47.590111
    7.81857100000008  47.5939400000001
    7.82969100000008  47.590512
    7.83515800000004  47.590642
    7.83535000000001  47.5868720000001
    7.84273200000007  47.587048
    7.84383500000001  47.586116
    7.86075100000005  47.592105
    7.8898870000001  47.5940860000001
    7.89521100000007  47.592042
    7.88981000000007  47.5919180000001
    7.90111900000005  47.5845730000001
    7.90131000000002  47.5807480000001
    7.90696000000008  47.5770430000001
    7.9073380000001  47.5693600000001
    7.90206000000001  47.5653920000001
    7.9022490000001  47.5615510000001
    7.90789000000001  47.5578
    7.90809100000007  47.553939
    7.91354900000005  47.554062
    7.91374100000002  47.55019
    7.93560000000008  47.550671
    7.93578000000002  47.546798
    7.94672000000008  47.54704
    7.94654400000002  47.550618
    7.94832600000007  47.550324
    7.95205700000002  47.557545
    7.95899300000002  47.562782
    7.96239600000001  47.561984
    7.96255100000002  47.5590010000001
    8.00626900000003  47.5599600000001
    8.00646  47.5561
    8.01192100000009  47.55622
    8.01211000000006  47.552348
    8.0230390000001  47.5525900000001
    8.02287900000005  47.555863
    8.04498000000007  47.55777
    8.06125500000007  47.568535
    8.06602300000003  47.568721
    8.06619000000006  47.5651590000001
    8.07166000000001  47.56528
    8.07186000000002  47.5614210000001
    8.09371000000004  47.5619090000001
    8.09361699999999  47.5637850000001
    8.10087100000004  47.569756
    8.10190800000004  47.578244
    8.10532000000006  47.5851170000001
    8.11294400000003  47.5880920000001
    8.12107600000002  47.589229
    8.13581500000004  47.588409
    8.13752700000009  47.5933340000001
    8.14626700000008  47.597817
    8.15890700000006  47.5981130000001
    8.16278200000005  47.5967320000001
    8.17298099999999  47.6052060000001
    8.18503100000004  47.610799
    8.190494  47.618926
    8.19730800000002  47.624305
    8.207314  47.625317
    8.21099500000014  47.6251370000001
    8.21112900000008  47.6222920000001
    8.21659900000009  47.6224290000001
    8.21716000000009  47.610999
    8.22689100000008  47.611232
    8.22723100000007  47.6097940000001
    8.23433100000011  47.6152390000001
    8.23883000000006  47.615348
    8.241084  47.617035
    8.25586200000004  47.6190260000001
    8.26068900000001  47.615872
    8.2608800000001  47.6120410000001
    8.26615900000007  47.616009
    8.28253900000004  47.6164010000001
    8.28273900000005  47.6125720000001
    8.28820000000007  47.6127020000001
    8.29385000000002  47.608989
    8.28875900000008  47.6011580000001
    8.28895000000006  47.597309
    8.2946  47.5935710000001
    8.29478900000009  47.589721
    8.30590000000007  47.5861090000001
    8.31720899999999  47.578622
    8.31738899999999  47.5747500000001
    8.32285900000005  47.57488
    8.32850900000011  47.571128
    8.36676  47.572022
    8.37241000000006  47.568272
    8.37788  47.568402
    8.38236300000005  47.571805
    8.38532300000003  47.571607
    8.38909500000005  47.5775530000001
    8.393708  47.580422
    8.399361  47.576671
    8.42288100000007  47.569439
    8.42529000000002  47.572712
    8.43356800000004  47.5710710000001
    8.44393400000007  47.573815
    8.45971000000003  47.57418
    8.47046  47.5783190000001
    8.47040300000003  47.5793490000001
    8.47297900000007  47.5804000000001
    8.47592999999995  47.5784420000001
    8.4814090000001  47.57856
    8.48119700000007  47.582458
    8.48667900000004  47.582581
    8.48646900000006  47.586471
    8.48078900000007  47.590241
    8.47532000000001  47.590111
    8.46869900000007  47.5875580000001
    8.46577200000007  47.590537
    8.45900300000005  47.591367
    8.46076500000009  47.597443
    8.45655099999999  47.6005520000001
    8.45728500000007  47.6051330000001
    8.46525500000001  47.605445
    8.47718200000008  47.612962
    8.47910100000007  47.617882
    8.49827500000004  47.619282
    8.50863100000004  47.6210710000001
    8.50765600000005  47.6256630000001
    8.51394600000009  47.627113
    8.51400600000005  47.6318220000001
    8.51786600000003  47.637631
    8.53317100000004  47.63803
    8.53330500000004  47.635204
    8.54082000000005  47.634666
    8.54102200000006  47.630543
    8.54993800000005  47.630771
    8.55011900000005  47.626912
    8.55559099999999  47.6270400000001
    8.55577100000005  47.62317
    8.56125000000003  47.623309
    8.56166900000005  47.6155100000001
    8.55663900000002  47.6075830000001
    8.55709000000007  47.5997810000001
    8.5731100000001  47.6001320000001
    8.58189400000003  47.598439
    8.586186  47.602886
    8.59440000000006  47.608577
    8.60263400000008  47.6164440000001
    8.6010500000001  47.624936
    8.59514100000001  47.6402200000001
    8.59473700000001  47.6477850000001
    8.60104100000001  47.649934
    8.60245000000003  47.6537060000001
    8.60521900000015  47.6578170000001
    8.61232100000001  47.657093
    8.61634300000003  47.6535190000001
    8.61790900000005  47.647655
    8.62037100000015  47.647721
    8.61995100000001  47.658829
    8.61452200000008  47.662232
    8.61169599999999  47.6608850000001
    8.60515700000002  47.666877
    8.60644700000006  47.6738740000001
    8.59882800000003  47.675289
    8.59466700000002  47.6684310000001
    8.58889800000003  47.668812
    8.57884200000007  47.664855
    8.570134  47.666825
    8.57005000000009  47.668659
    8.56464600000004  47.6685220000001
    8.56332800000001  47.6726230000001
    8.55058600000001  47.670619
    8.54292800000007  47.668828
    8.54383899999999  47.660103
    8.53622000000001  47.6610670000001
    8.53304800000006  47.6653250000001
    8.53189000000009  47.6647920000001
    8.53192600000006  47.663978
    8.5264590000001  47.663841
    8.52629000000002  47.6675490000001
    8.52081800000008  47.66739
    8.5211690000001  47.660001
    8.5268190000001  47.6564410000001
    8.52699000000007  47.6527390000001
    8.5215290000001  47.6526000000001
    8.51693199999994  47.6492730000001
    8.51071700000006  47.6498950000001
    8.51059800000007  47.65232
    8.48873900000001  47.651759
    8.48891900000007  47.6480720000001
    8.4865650000001  47.6480100000001
    8.48332600000003  47.6506650000001
    8.48327800000004  47.651618
    8.47798800000004  47.647794
    8.47235000000006  47.6513510000001
    8.46706  47.647511
    8.4727190000001  47.643951
    8.46177900000004  47.643668
    8.46159900000009  47.64737
    8.45577800000001  47.6546220000001
    8.45785000000006  47.6576760000001
    8.44797700000009  47.657234
    8.43460500000003  47.660156
    8.42265300000003  47.6692650000001
    8.42111900000003  47.6693000000001
    8.41663000000005  47.67213
    8.40943900000002  47.671948
    8.40592900000007  47.6782790000001
    8.41072000000008  47.6818170000001
    8.42108999999999  47.68441
    8.4144280000001  47.6971619999999
    8.40325100000001  47.7000770000001
    8.41351400000008  47.708061
    8.43841800000001  47.7198870000001
    8.44611900000001  47.726729
    8.45359500000006  47.7264720000001
    8.45672400000007  47.7332270000001
    8.45145700000006  47.733482
    8.44985500000007  47.742088
    8.45583500000009  47.74573
    8.45606100000009  47.7516900000001
    8.46564000000006  47.757504
    8.46738600000009  47.7625390000001
    8.4860250000001  47.775544
    8.48848800000007  47.773992
    8.493808  47.777832
    8.50476800000007  47.7781220000001
    8.50939900000003  47.7798880000001
    8.52057400000001  47.775245
    8.5236920000001  47.780506
    8.548359  47.786659
    8.55384900000001  47.7867890000001
    8.55402000000004  47.783099
    8.56502000000006  47.78338
    8.57035000000002  47.78722
    8.57018899999997  47.7909210000001
    8.56468000000007  47.79078
    8.56950700000004  47.7942510000001
    8.56181000000004  47.7964780000001
    8.56259000000006  47.8043910000001
    8.56471200000004  47.8111460000001
    8.57304700000003  47.810638
    8.57606900000008  47.805877
    8.58052900000007  47.8059930000001
    8.58222499999999  47.804929
    8.5899050000001  47.8062280000001
    8.60810000000004  47.806679
    8.60814300000015  47.8057860000001
    8.6163390000001  47.804432
    8.62392600000004  47.798652
    8.62316000000004  47.792699
    8.61662799999999  47.787566
    8.6157070000001  47.782878
    8.62538900000004  47.7816720000001
    8.622727  47.774005
    8.63217700000001  47.770648
    8.62709400000011  47.7664460000001
    8.63209000000006  47.7665710000001
    8.63197400000001  47.769073
    8.63325000000003  47.7702950000001
    8.64303900000004  47.770541
    8.64190200000007  47.7712480000001
    8.642765  47.77205
    8.6533750000001  47.776223
    8.64864800000009  47.77901
    8.65010599999999  47.786456
    8.64626600000008  47.7914130000001
    8.64567099999999  47.797492
    8.65015200000005  47.80125
    8.65836200000007  47.804181
    8.66128300000008  47.7948690000001
    8.67559400000005  47.7896720000001
    8.67612100000002  47.7787280000001
    8.68168800000001  47.778858
    8.67630100000008  47.77504
    8.67647800000003  47.771339
    8.68224900000001  47.7677810000001
    8.68242000000009  47.7640910000001
    8.6881820000001  47.7605290000001
    8.693761  47.760661
    8.69356700000003  47.7643580000001
    8.69896000000011  47.7681800000001
    8.70453000000009  47.768298
    8.70435000000003  47.7720110000001
    8.70992000000007  47.772141
    8.71010900000005  47.7684600000001
    8.72125000000005  47.768711
    8.72700900000001  47.765151
    8.72143900000003  47.765019
    8.73298  47.7579120000001
    8.73337900000001  47.7505300000001
    8.71663900000016  47.7501290000001
    8.71683999999999  47.7464420000001
    8.70585900000015  47.7424800000001
    8.70624800000007  47.735101
    8.71203100000008  47.7315520000001
    8.71222900000009  47.72786
    8.71782000000002  47.7280010000001
    8.71802000000002  47.7243110000001
    8.72921100000002  47.724589
    8.72929500000004  47.72303
    8.73796900000002  47.7184450000001
    8.73175000000009  47.7114860000001
    8.72949800000004  47.698764
    8.73626900000005  47.6989400000001
    8.74209900000005  47.695412
    8.74772000000002  47.6955600000001
    8.75919000000005  47.69218
    8.76482000000004  47.69233
    8.770691  47.688811
    8.78221000000008  47.68544
    8.78231  47.683761
    8.7847440000001  47.682439
    8.79555000000005  47.6793830000001
    8.794962  47.6844290000001
    8.79870199999999  47.694612
    8.81096800000006  47.6971510000001
    8.80623900000001  47.6985640000001
    8.79825300000005  47.6982770000001
    8.7978720000001  47.7056200000001
    8.79197600000003  47.7072449999999
    8.78671600000007  47.70869
    8.76770800000008  47.7090570000001
    8.77222499999999  47.715671
    8.76958100000007  47.719712
    8.785214  47.7306020000001
    8.7983000000001  47.730506
    8.79537900000003  47.7383230000001
    8.80630900000006  47.7415690000001
    8.81362800000005  47.73291
    8.80769000000004  47.7296670000001
    8.81333800000004  47.7229300000001
    8.8160850000001  47.7248760000001
    8.82024200000006  47.7225430000001
    8.82940600000006  47.722012
    8.82662800000008  47.719441
    8.84155800000008  47.7196000000001
    8.84181599999999  47.7159920000001
    8.848118  47.714634
    8.8485280000001  47.712182
    8.85329800000005  47.7121880000001
    8.859194  47.7084160000001
    8.86891300000002  47.7095310000001
    8.87821600000001  47.707626
    8.87374700000009  47.704681
    8.87771200000009  47.698796
    8.87219700000003  47.694598
    8.86324900000005  47.697315
    8.86519500000009  47.701194
    8.85421000000008  47.700066
    8.85435600000005  47.698097
    8.85880500000007  47.6951630000001
    8.85465900000008  47.6858210000001
    8.860769  47.6858210000001
    8.86657000000002  47.68189
    8.86662900000005  47.6804880000001
    8.87751200000008  47.670357
    8.87734300000005  47.6610220000001
    8.88824199999999  47.6565660000001
    8.92119400000001  47.6565660000001
    8.94960100000009  47.662246
    8.98141800000008  47.678154
    9.00414300000006  47.687243
    9.03709500000008  47.687243
    9.076866  47.6838380000001
    9.115499  47.6724740000001
    9.16663200000005  47.6656580000001
    9.22912800000012  47.6599730000001
    9.26662600000003  47.662246
    9.54615100000001  47.5463450000001
    9.56473700000004  47.537395
    9.55836900000008  47.503433
    9.5633150000001  47.5028500000001
    9.56729200000001  47.4949910000001
    9.58726400000006  47.482513
    9.599941  47.46565
    9.60405900000001  47.4653690000001
    9.60877500000004  47.468403
    9.61089400000009  47.471578
    9.61455700000005  47.470272
    9.618582  47.463589
    9.62668400000007  47.4612510000001
    9.656226  47.4575610000001
    9.663185  47.45032
    9.65155900000008  47.444287
    9.6470460000001  47.440003
    9.6483090000001  47.433917
    9.653254  47.418984
    9.65394700000002  47.410789
    9.65624500000001  47.405556
    9.66121500000008  47.3999450000001
    9.67402600000008  47.3953700000001
    9.67676600000004  47.390992
    9.67739500000005  47.383831
    9.67402400000009  47.3778690000001
    9.6674920000001  47.3729730000001
    9.65898000000004  47.3696550000001
    9.648867  47.368645
    9.64266500000008  47.369466
    9.63229100000007  47.3682830000001
    9.62449900000001  47.3662
    9.61471200000005  47.3591180000001
    9.60137000000009  47.3479070000001
    9.5979220000001  47.341594
    9.59191600000008  47.322053
    9.58959800000002  47.3170430000001
    9.58393699999999  47.312362
    9.56557100000003  47.3044100000001
    9.5593520000001  47.3007130000001
    9.55578000000008  47.295952
    9.55443600000001  47.289844
    9.55160700000005  47.284386
    9.54451700000004  47.27967
    9.53158800000006  47.2734760000001
    9.53143700000004  47.2673000000001
    9.52939500000002  47.260113
    9.52320000000009  47.247837
    9.5086730000001  47.230899
    9.50327400000003  47.2230150000001
    9.49948100000006  47.2125310000001
    9.49076600000001  47.1993100000001
    9.487146  47.1853410000001
    9.48771800000003  47.178353
    9.48933200000005  47.172448
    9.49290999999999  47.164856
    9.50318900000002  47.151245
    9.50898300000006  47.1454590000001
    9.51218500000005  47.136786
    9.51765900000004  47.11877
    9.51948900000008  47.108856
    9.51989700000001  47.1019860000001
    9.51908600000007  47.09639
    9.51516600000002  47.090199
    9.50775900000008  47.0847470000001
    9.47496199999995  47.067104
    9.4730320000001  47.063469
    9.47393900000003  47.05957
    9.47863600000011  47.0536280000001
    9.49516700000004  47.056985
    9.50184200000007  47.056511
    9.5252880000001  47.0648110000001
    9.53579500000001  47.067029
    9.54262700000004  47.066662
    9.54971600000005  47.062637
    9.55336  47.0587080000001
    9.556084  47.05381
    9.567566  47.052581
    9.58866399999999  47.0569570000001
    9.60769700000009  47.0623860000001
    9.61366600000008  47.0576780000001
    9.62076300000007  47.054788
    9.63230700000008  47.052354
    9.63784100000004  47.0530810000001
    9.64380299999999  47.0600370000001
    9.66478000000001  47.06039
    9.68215800000002  47.0629650000001
    9.687455  47.058209
    9.69139100000007  47.0560910000001
    9.71899100000013  47.045888
    9.73930800000005  47.0434380000001
    9.75391500000006  47.038036
    9.77873000000005  47.0407190000001
    9.78650900000002  47.038376
    9.80344300000002  47.027158
    9.81249800000001  47.0232540000001
    9.819638  47.022
    9.83376400000003  47.0147660000001
    9.84049399999998  47.013916
    9.85785500000009  47.021271
    9.8628030000001  47.024334
    9.872029  47.023224
    9.88030000000009  47.020931
    9.87433300000009  47.0144990000001
    9.87407300000001  47.0091370000001
    9.88041100000004  47.0065770000001
    9.89039200000002  47.000768
    9.89271400000007  46.993857
    9.89029800000009  46.989784
    9.88519300000002  46.9865030000001
    9.87776300000002  46.9753120000001
    9.87300900000008  46.9638870000001
    9.87965700000007  46.9563220000001
    9.87740300000002  46.950875
    9.87625200000008  46.9449080000001
    9.87861100000003  46.939404
    9.88674000000003  46.9349440000001
    9.90660100000002  46.930222
    9.91245800000007  46.927532
    9.92369200000002  46.9189420000001
    9.94546700000006  46.914154
    9.95392200000003  46.915081
    9.96186800000004  46.917096
    9.97308500000008  46.9156120000001
    9.97912100000008  46.9179690000001
    9.98556100000002  46.9141310000001
    9.98731900000007  46.907658
    10.0007200000001  46.90434
    10.003836  46.9021150000001
    10.015719  46.9028670000001
    10.024143  46.8986330000001
    10.0446730000001  46.883529
    10.051918  46.8800810000001
    10.0536870000001  46.871739
    10.0562690000001  46.865109
    10.0738  46.8613210000001
    10.089971  46.859463
    10.0984170000001  46.85253
    10.1055370000001  46.843295
    10.1151550000001  46.8435710000001
    10.1260680000001  46.8473520000001
    10.139781  46.8477560000001
    10.152722  46.851254
    10.163525  46.8493010000001
    10.174048  46.852154
    10.1847940000001  46.8561560000001
    10.1943280000001  46.8666150000001
    10.222685  46.86776
    10.2317080000001  46.870431
    10.235147  46.8789710000001
    10.2354980000001  46.8868180000001
    10.2281570000001  46.8947380000001
    10.2401910000001  46.918479
    10.241135  46.926614
    10.243603  46.9332
    10.25994  46.93246
    10.2779770000001  46.928929
    10.298801  46.922985
    10.304973  46.9262170000001
    10.316453  46.927573
    10.3140620000001  46.932881
    10.3093330000001  46.938709
    10.307701  46.9459070000001
    10.3107670000001  46.950328
    10.320642  46.9538540000001
    10.327571  46.9576530000001
    10.3325480000001  46.9674490000001
    10.338363  46.976682
    10.348696  46.9884420000001
    10.353371  46.991665
    10.359987  46.992711
    10.367128  46.991879
    10.3734160000001  46.9930960000001
    10.378596  46.9968270000001
    10.3857210000001  46.9991330000001
    10.393331  47.002819
    10.3978800000001  46.999512
    10.412031  46.985814
    10.429031  46.974865
    10.425362  46.967296
    10.425309  46.960944
    10.466853  46.9495850000001
    10.4888520000001  46.936569
    10.4852280000001  46.915569
    10.480888  46.9096070000001
    10.4763160000001  46.8969010000001
    10.4707230000001  46.890763
    10.467143  46.88824
    10.4705180000001  46.877254
    10.46874  46.85934
    10.470849  46.857998
    10.467719  46.838612
    10.4603010000001  46.830573
    10.461805  46.826302
    10.4557560000001  46.822204
    10.458441  46.815834
    10.454573  46.808475
    10.448928  46.8023030000001
    10.446957  46.801712
    10.43142  46.7894100000001
    10.434114  46.7820780000001
    10.440099  46.7759220000001
    10.443743  46.7687310000001
    10.444971  46.7632020000001
    10.4436840000001  46.7560320000001
    10.444609  46.7535090000001
    10.40882  46.738412
    10.406869  46.7323200000001
    10.41932  46.719921
    10.4197190000001  46.711411
    10.3873730000001  46.682309
    10.392574  46.673301
    10.3933470000001  46.665974
    10.3988210000001  46.6571200000001
    10.4014760000001  46.6393860000001
    10.4033660000001  46.638463
    10.4158600000001  46.6387590000001
    10.421382  46.6400940000001
    10.4465550000001  46.641464
    10.454564  46.6369670000001
    10.4659210000001  46.6329200000001
    10.477276  46.6229260000001
    10.4927100000002  46.6139120000001
    10.4860160000001  46.606498
    10.487482  46.5993660000001
    10.4871810000001  46.596214
    10.476241  46.5675360000001
    10.476273  46.5613640000001
    10.4728980000001  46.553768
    10.4720320000001  46.5430150000001
    10.462623  46.5415150000001
    10.459221  46.53942
    10.44762  46.53943
    10.421809  46.55263
    10.3948190000001  46.544022
    10.3752180000001  46.5539199999999
    10.34543  46.5441200000001
    10.3338000000001  46.5474700000001
    10.325296  46.5524530000001
    10.3103110000001  46.54943
    10.30333  46.5527190000001
    10.288073  46.5698130000001
    10.2874170000001  46.5728800000001
    10.282426  46.5728760000001
    10.2731500000002  46.5768550000001
    10.2691360000001  46.579921
    10.2614300000001  46.578255
    10.2534400000001  46.5741840000001
    10.245504  46.57848
    10.2419980000001  46.5927610000001
    10.2468640000001  46.601135
    10.2583880000001  46.6132670000001
    10.2562430000001  46.614921
    10.2421310000001  46.6334190000001
    10.22194  46.61752
    10.1931289999999  46.621921
    10.14743  46.603223
    10.108231  46.60312
    10.10314  46.577019
    10.0584390000001  46.5361290000001
    10.060349  46.515419
    10.0479390000001  46.488331
    10.0488390000001  46.47578
    10.0507200000001  46.4746880000001
    10.0534870000001  46.465592
    10.0498790000001  46.461239
    10.0511390000001  46.443631
    10.0517590000001  46.4426350000001
    10.057778  46.441447
    10.0590660000001  46.4326090000001
    10.063209  46.42886
    10.076059  46.431469
    10.080282  46.4294380000001
    10.0789260000001  46.4248890000001
    10.0870560000001  46.425293
    10.0972250000001  46.4230230000001
    10.1069890000001  46.430852
    10.1145150000001  46.428638
    10.128425  46.432709
    10.142209  46.4297870000001
    10.145666  46.422715
    10.153418  46.416144
    10.1614970000001  46.4167870000001
    10.166755  46.4121010000001
    10.163778  46.407367
    10.1652300000001  46.4061390000001
    10.16534  46.38993
    10.137641  46.3798290000001
    10.128871  46.365174
    10.1295530000001  46.3630450000001
    10.126989  46.3620260000001
    10.1145400000001  46.345329
    10.113938  46.3250380000001
    10.1265780000001  46.312564
    10.135747  46.307835
    10.139285  46.3018070000001
    10.1561390000001  46.294473
    10.153882  46.2882190000001
    10.161668  46.284973
    10.1616090000001  46.277992
    10.17584  46.2639390000001
    10.1740120000001  46.258788
    10.174458  46.256874
    10.173002  46.2559440000001
    10.171828  46.252639
    10.14764  46.22784
    10.1311390000001  46.223942
    10.10768  46.22665
    10.1016540000001  46.2283780000001
    10.089139  46.2298390000001
    10.087302  46.228457
    10.079172  46.226997
    10.073871  46.2225230000001
    10.066133  46.219013
    10.0596080000001  46.224521
    10.0520390000001  46.2285740000001
    10.060349  46.2575410000001
    10.054505  46.261601
    10.0527340000001  46.269313
    10.0402170000001  46.273915
    10.031019  46.2788990000001
    9.9948280000001  46.285896
    9.9957490000001  46.303138
    9.98564800000008  46.322442
    9.99385100000006  46.3456300000001
    9.993133  46.345931
    9.99405800000005  46.3525589999999
    9.98569800000001  46.353981
    9.96845200000001  46.3609500000001
    9.95824100000004  46.3700720000001
    9.95415700000007  46.3757600000001
    9.954387  46.3814760000001
    9.92839800000007  46.376588
    9.92961600000007  46.369686
    9.92302400000005  46.370042
    9.92017100000004  46.373303
    9.91372300000006  46.373187
    9.90583000000004  46.382835
    9.88167200000004  46.3738940000001
    9.86778700000008  46.365317
    9.8620370000001  46.3663410000001
    9.84995700000002  46.365867
    9.83134800000005  46.363446
    9.82414900000009  46.3564790000001
    9.81772800000005  46.352809
    9.8097580000001  46.3518020000001
    9.80297100000001  46.346886
    9.79267400000015  46.345345
    9.78398800000002  46.3429750000001
    9.77737200000013  46.338052
    9.76939700000003  46.338189
    9.75556  46.34383
    9.73516000000006  46.3433300000001
    9.72415800000005  46.324441
    9.72636  46.31104
    9.71217000000007  46.2904320000001
    9.68287200000003  46.294331
    9.63697000000008  46.28434
    9.57647000000003  46.294928
    9.54952200000008  46.3049700000001
    9.53753600000016  46.313248
    9.51712400000002  46.331062
    9.507091  46.3507310000001
    9.46858099999997  46.370739
    9.46978800000005  46.391331
    9.46789699999999  46.3946570000001
    9.46761900000001  46.398529
    9.46480600000007  46.409676
    9.462174  46.415786
    9.456636  46.4187240000001
    9.45448900000002  46.424251
    9.45749000000006  46.441497
    9.46075200000007  46.445575
    9.45805300000006  46.466107
    9.46495400000009  46.469791
    9.46444200000008  46.4727440000001
    9.46817900000002  46.47963
    9.46178000000003  46.4989200000001
    9.44918100000001  46.50243
    9.43109100000009  46.49332
    9.42518400000006  46.482007
    9.42516500000005  46.4797370000001
    9.4129650000001  46.47005
    9.40812600000004  46.468856
    9.40074200000009  46.471245
    9.394634  46.4720150000001
    9.38847600000003  46.4769130000001
    9.38377200000008  46.486018
    9.37666100000007  46.486921
    9.371847  46.491119
    9.37179000000003  46.50042
    9.36559099999999  46.50473
    9.316799  46.5042190000001
    9.29630100000003  46.4990200000001
    9.2813910000001  46.4848279999999
    9.27509800000001  46.44973
    9.25280100000003  46.439129
    9.2505470000001  46.433628
    9.25375600000001  46.429954
    9.26279700000003  46.427788
    9.26349300000004  46.4228520000001
    9.27470400000004  46.421113
    9.28147300000001  46.414506
    9.28029400000014  46.403069
    9.28269900000004  46.400828
    9.27950100000004  46.36433
    9.28178300000002  46.361295
    9.29768900000005  46.358772
    9.299195  46.347301
    9.29527300000007  46.3433650000001
    9.29589000000004  46.3218310000001
    9.27720200000005  46.29004
    9.25449000000009  46.2699400000001
    9.24329900000009  46.2352400000001
    9.2274000000001  46.2277420000001
    9.2208  46.213939
    9.20210900000001  46.199341
    9.18969900000008  46.1725390000001
    9.16420000000005  46.16494
    9.12339900000006  46.13705
    9.08151000000009  46.1167480000001
    9.08430900000002  46.101093
    9.09085000000005  46.090451
    9.08704000000006  46.085827
    9.08741100000009  46.083751
    9.07809900000007  46.0627390000001
    9.04040800000007  46.0535500000001
    9.01380900000009  46.0373500000001
    9.02540900000008  45.99855
    9.00292100000001  45.987751
    8.99882100000002  45.977958
    9.01761900000008  45.938148
    9.02388500000006  45.9325940000001
    9.02700700000008  45.932509
    9.03319700000009  45.9303810000001
    9.04287700000015  45.9310920000001
    9.04978500000004  45.9247220000001
    9.05963300000002  45.9253120000001
    9.05846800000006  45.920407
    9.07261  45.915562
    9.07541100000003  45.90776
    9.08491100000009  45.9083600000001
    9.0867770000001  45.9057
    9.08885800000007  45.906128
    9.08537600000005  45.897128
    9.0813050000001  45.8967020000001
    9.07441100000011  45.887859
    9.05162000000007  45.8737600000001
    9.03559300000001  45.837902
    9.03579500000001  45.837014
    9.032308  45.830559
    9.02066700000006  45.825967
    9.0147070000001  45.821659
    9.00606900000003  45.8233520000001
    9.00057600000002  45.8263770000001
    8.99272700000006  45.8262220000001
    8.99589700000001  45.837627
    8.98936500000002  45.8380390000001
    8.98808900000006  45.83989
    8.97029500000008  45.8367150000001
    8.96383200000008  45.838616
    8.95915300000007  45.8409660000001
    8.95972000000006  45.844045
    8.95223800000008  45.846397
    8.94455300000004  45.8462370000001
    8.93302200000005  45.8423380000001
    8.92898400000001  45.8364320000001
    8.91984400000007  45.8371960000001
    8.91028600000004  45.8335150000001
    8.91184700000008  45.8468730000001
    8.913657  45.8484690000001
    8.91251900000003  45.8506630000001
    8.91641900000008  45.85836
    8.94081000000006  45.873359
    8.9240880000001  45.894749
    8.92093200000005  45.894505
    8.92006800000001  45.900802
    8.92347699999999  45.9080930000001
    8.92220100000009  45.90972
    8.92202100000003  45.9115600000001
    8.8948200000001  45.943062
    8.89460800000006  45.945359
    8.8957200000001  45.9476930000001
    8.89665200000002  45.953865
    8.89544399999994  45.959255
    8.89354600000007  45.9631570000001
    8.87889500000006  45.959973
    8.86665200000004  45.9629340000001
    8.86427900000007  45.967877
    8.85595300000006  45.969657
    8.84072900000007  45.980426
    8.83802800000007  45.985477
    8.82989600000008  45.989319
    8.81792400000006  45.9895330000001
    8.81403800000004  45.9925350000001
    8.79373300000003  45.994534
    8.79070400000006  45.990548
    8.78415400000006  45.990491
    8.78760900000003  46.001674
    8.79237499999999  46.0115860000001
    8.80576000000002  46.026818
    8.81861700000002  46.030375
    8.8255180000001  46.04005
    8.82775800000013  46.046097
    8.82853800000004  46.0457730000001